    transformer    linear   nearest    spline    median      mean      mode  \
0      0.495513  0.502491  0.539424  0.639732  0.663444  0.725647  0.951905   
1      0.494524  0.510666  0.548089  0.652547  0.666003  0.724903  0.941966   
2      0.497051  0.507035  0.542808  0.658794  0.680581  0.736461  0.949833   
3      0.500545  0.526240  0.563370  0.658462  0.672789  0.733811  0.953901   
4      0.501020  0.517051  0.551462  0.674156  0.682617  0.737415  0.973938   
..          ...       ...       ...       ...       ...       ...       ...   
95     0.499224  0.508174  0.544669  0.648948  0.665937  0.726147  0.951560   
96     0.499041  0.518988  0.555258  0.700933  0.663870  0.722492  0.943312   
97     0.494862  0.514480  0.550057  0.650938  0.670121  0.725414  0.953322   
98     0.505838  0.525576  0.562312  0.653432  0.681566  0.739396  0.937483   
99     0.499465  0.530007  0.563423  0.696487  0.675500  0.733433  0.951612   

     quadratic  
0   136.588756  
1   253.291989  
2   205.396043  
3   139.259169  
4   527.521732  
..         ...  
95  149.240668  
96   79.261216  
97  359.077756  
98  143.139652  
99  391.764201  

[100 rows x 8 columns]