    transformer    linear   nearest     spline    median      mean      mode  \
0      0.715307  0.746152  0.797618   0.943948  0.953380  1.034645  1.353204   
1      0.706865  0.735794  0.786212   0.927966  0.966646  1.038993  1.355059   
2      0.707838  0.728623  0.784943   0.947743  0.951660  1.036119  1.366461   
3      0.715657  0.709608  0.757081   0.946609  0.946322  1.036367  1.309358   
4      0.706694  0.725275  0.775633   0.972358  0.939491  1.033634  1.305882   
..          ...       ...       ...        ...       ...       ...       ...   
95     0.712696  0.731584  0.787676   0.938013  0.952480  1.036681  1.301846   
96     0.710922  0.720004  0.773171   0.962568  0.950587  1.036127  1.300597   
97     0.705183  0.730822  0.776011  37.320395  0.937833  1.030926  1.277142   
98     0.706175  0.712182  0.759616   0.923567  0.935168  1.034910  1.307276   
99     0.706646  0.732144  0.783479   0.932255  0.947264  1.030838  1.315245   

      quadratic  
0    161.199919  
1    126.612797  
2    139.987677  
3    246.109678  
4    457.610875  
..          ...  
95    76.214176  
96   220.805115  
97  4379.285036  
98   125.722028  
99   131.665816  

[100 rows x 8 columns]