    transformer    linear   nearest    spline    median      mean      mode  \
0      2.316816  3.704512  4.174307  3.168614  1.807567  1.341392  6.801794   
1      2.867593  4.715052  5.435634  3.734790  1.974879  1.475558  7.459576   
2      2.608425  4.094639  4.462824  3.554560  1.971073  1.443554  6.053249   
3      2.754276  3.928314  4.972142  3.406660  1.816707  1.493309  5.749599   
4      2.414734  3.458920  3.778900  3.611879  2.007245  1.412339  7.881441   
..          ...       ...       ...       ...       ...       ...       ...   
95     2.469801  4.499228  4.896377  3.699887  1.994296  1.497945  6.978341   
96     2.863085  4.470967  5.115541  4.235336  2.240849  1.366285  6.052811   
97     3.019188  4.144540  4.721747  3.516080  2.518674  1.495622  6.865268   
98     2.895294  4.461656  5.348533  3.484083  2.243141  1.644516  9.177496   
99     4.213720  3.860660  4.373060  4.858551  2.322566  1.698251  9.526367   

      quadratic  
0    403.810190  
1   1000.983085  
2    716.075073  
3    775.184165  
4   2068.621425  
..          ...  
95   692.787489  
96   387.689640  
97  1982.950070  
98   667.442601  
99  1754.971732  

[100 rows x 8 columns]