    transformer    linear   nearest    spline    median      mean      mode  \
0      0.500068  0.490413  0.526097  0.639867  0.651923  0.715247  0.934297   
1      0.515023  0.508027  0.542675  0.661721  0.676116  0.729264  0.945571   
2      0.506701  0.502651  0.536519  0.662723  0.667339  0.724202  0.917141   
3      0.510239  0.499843  0.533621  0.661206  0.670155  0.725528  0.918532   
4      0.494773  0.494482  0.531912  0.630722  0.645501  0.711996  0.903102   
..          ...       ...       ...       ...       ...       ...       ...   
95     0.498270  0.498269  0.538239  3.123128  0.650479  0.709026  0.914471   
96     0.504486  0.510423  0.547827  0.643726  0.660610  0.718276  0.929587   
97     0.509412  0.504864  0.537659  0.656362  0.673236  0.732788  0.935220   
98     0.500982  0.509901  0.537669  0.671352  0.660074  0.722420  0.899959   
99     0.498335  0.492675  0.526357  0.648774  0.658458  0.714004  0.922205   

      quadratic  
0    115.513918  
1    101.194127  
2     87.249825  
3     84.973511  
4     72.410814  
..          ...  
95  2681.170932  
96    74.009599  
97   109.169851  
98    73.579647  
99    82.345687  

[100 rows x 8 columns]